Source,Target,Weight
8,7,90.75
8,6,19.5
8,5,114
8,1,167.25
7,8,90.75
6,8,19.5
5,8,114
1,8,167.25
7,4,15
4,7,15
6,13,12
13,6,12
1,2,114.75
2,1,114.75
2,15,124.5
2,11,205.5
15,2,124.5
11,2,205.5
15,11,111
15,17,114.75
17,12,49.5
17,14,52.5
14,13,105.75
12,14,16.5
12,10,95.25
12,11,121.5
11,10,50.25
10,18,104.25
18,16,70.5
11,15,111
17,15,114.75
12,17,49.5
14,17,52.5
13,14,105.75
14,12,16.5
10,12,95.25
11,12,121.5
10,11,50.25
18,10,104.25
16,18,70.5
